7
7
7
7
7
7
7
7
7
7
7
7
7
7
7
7
7
7
7
7
7
7
7
7
7
7
7
7
7
7
7
7
7
7
7
7
7
7
7
7
7
7
7
7
7
7
7
7
7
7
7
7
7
7
7
7
7
7
7
7
7
7
7
7
7
7
7
7
7
7
7
7
7
7
253
477
-236
-405
723
1404
1681
1259
646
262
7
7
7
7
7
7
7
7
7
7
7
7
7
7
749
-216
-2877
-203
3466
4607
4527
3590
3156
2203
1771
1771
1771
1771
1687
1361
1511
2160
1567
382
7
7
7
7
-190
-2479
-614
4681
6321
4482
2729
2624
3351
3656
3675
3621
3775
3893
3947
3503
4504
5704
4004
1192
7
7
7
7
-634
2252
7094
9891
5474
2315
1281
885
2531
4081
4294
4550
4959
5945
5856
3856
4618
6337
3879
751
7
7
7
7
2165
2702
4936
3661
-785
-574
2348
3272
4329
4096
4620
5561
5877
6482
2654
445
5995
5076
-833
-1503
7
7
7
7
1096
-879
-4132
-3164
-5700
-5201
-3769
-2064
-1917
-3750
-2735
-1926
-2151
-5203
-7674
-250
7552
1592
-6006
-3213
7
7
7
7
106
-650
-2278
-2149
-2336
-3826
-4254
-6004
-5193
-6398
-6966
-5799
-7609
-8805
-5400
6374
6623
-4128
-6737
-2697
7
7
7
7
7
7
7
7
7
31
-97
-1015
-948
-803
-2005
-922
-3641
-896
6965
8748
2066
-7125
-5225
-1049
7
7
7
7
7
7
7
7
7
7
7
7
7
7
461
-518
-776
3628
11854
7320
-4744
-7299
-3127
-121
7
7
7
7
7
7
7
7
7
7
7
7
7
31
308
-497
1230
8615
8886
680
-7298
-5717
-1237
7
7
7
7
7
7
7
7
7
7
7
7
7
7
387
428
169
3219
9936
4878
-7165
-7059
-2610
-329
7
7
7
7
7
7
7
7
7
7
7
7
7
229
747
-1021
-474
7254
8806
139
-7408
-4921
-529
7
7
7
7
7
7
7
7
7
7
7
7
7
61
723
-1013
-1670
4107
11087
6065
-5598
-6510
-2251
-25
7
7
7
7
7
7
7
7
7
7
7
7
13
629
6
-2793
2835
11960
8885
-387
-7185
-4789
-441
7
7
7
7
7
7
7
7
7
7
7
7
7
117
771
-2395
58
9545
12589
2933
-7063
-6281
-2217
7
7
7
7
7
7
7
7
7
7
7
7
7
97
664
-1102
-748
5645
13610
5818
-4933
-7853
-4303
-441
7
7
7
7
7
7
7
7
7
7
7
7
7
433
261
-1786
1921
12925
9897
-2464
-8803
-5290
-1781
7
7
7
7
7
7
7
7
7
7
7
7
7
187
574
-2051
1056
7273
9575
3834
-6524
-6051
-2682
-265
7
7
7
7
7
7
7
7
7
7
7
7
7
427
-452
-518
4951
10036
5382
-607
-5093
-3354
-601
7
7
7
7
7
7
7
7
7
7
7
7
7
7
37
-62
2059
5794
6949
5956
-2100
-6243
-1941
7
7
7
7
7
7
7
7
7
7
7
7
7
7
7
-83
1447
3483
6825
5940
366
-6495
-7470
-1435
7
7
7
7
7
7
7
7
7
14
14
14
14
14
14
14
14
14
14
14
14
14
14
14
14
14
14
14
14
14
14
14
14
14
14
14
14
14
14
14
14
14
14
14
14
14
14
14
14
14
14
14
14
14
14
14
14
14
14
14
14
14
14
14
14
14
14
14
14
14
14
14
14
14
14
14
14
14
14
14
14
14
14
-437
-1244
-1858
-944
961
423
1199
-41
256
-173
14
14
14
14
14
14
14
14
14
14
14
14
14
14
-1073
-1551
-2108
3121
4985
5914
4925
3412
1323
-238
-574
-574
-574
-574
-420
313
1096
1433
-85
-261
14
14
14
14
-1536
-4875
-5758
-673
7628
9047
10792
10521
10020
8739
7028
7666
7634
7584
7514
7454
8509
8120
4486
105
14
14
14
14
-5515
-12388
-12937
-7319
-1356
1377
1718
4121
4554
5759
3920
5065
5437
4378
4104
5460
13069
14133
8287
2088
14
14
14
14
-6740
-12513
-10760
-8167
-2323
-2785
-3001
-3450
-3721
-3477
-4289
-4132
-3126
-4157
-4515
1603
12864
17200
10180
3072
14
14
14
14
-4870
-8043
-7289
-4297
-2621
-2817
-3628
-1517
-1111
-1482
-2085
-1833
-1051
-5056
-8345
2574
17831
20418
11514
2903
14
14
14
14
-1075
-2296
-2090
-1713
-1479
-3424
-5226
-2996
-2152
-1938
-986
-1794
-2041
-11367
-12265
4170
20045
18945
9870
2565
14
14
14
14
14
14
14
14
14
-250
-1154
-672
-1103
-551
-1251
-2281
-7360
-16739
-9745
8869
17825
15664
7338
1178
14
14
14
14
14
14
14
14
14
14
14
14
14
14
-625
-3999
-14105
-16941
-1500
13973
16192
11094
3360
166
14
14
14
14
14
14
14
14
14
14
14
14
14
-30
-2007
-9768
-19392
-10795
8865
17970
14457
6642
1255
14
14
14
14
14
14
14
14
14
14
14
14
14
14
-656
-4962
-15746
-16997
-1078
14671
15694
10501
3507
413
14
14
14
14
14
14
14
14
14
14
14
14
14
-393
-1545
-9159
-17793
-9791
9301
17827
13776
5608
628
14
14
14
14
14
14
14
14
14
14
14
14
14
-85
-1139
-4017
-14256
-14492
524
15474
15477
9759
2451
52
14
14
14
14
14
14
14
14
14
14
14
14
3
-1076
-2983
-10530
-14801
-7421
11287
16333
13022
5423
546
14
14
14
14
14
14
14
14
14
14
14
14
14
-181
-1505
-7257
-15795
-11231
5420
15029
15551
9130
2340
14
14
14
14
14
14
14
14
14
14
14
14
14
-151
-1280
-5853
-14933
-15706
-2568
12381
17093
11604
5039
546
14
14
14
14
14
14
14
14
14
14
14
14
14
-667
-2064
-11232
-16616
-8216
8442
16521
12926
7544
1946
14
14
14
14
14
14
14
14
14
14
14
14
14
-316
-1843
-7123
-18069
-13575
3239
18592
16296
9449
3380
337
14
14
14
14
14
14
14
14
14
14
14
14
14
-556
-4234
-13573
-18045
-3910
12788
21759
15219
5629
736
14
14
14
14
14
14
14
14
14
14
14
14
14
14
-1576
-9667
-19662
-16034
4055
20277
20427
13150
2593
14
14
14
14
14
14
14
14
14
14
14
14
14
14
14
-3166
-13258
-18643
-13908
5512
19848
17431
8029
1267
14
14
14
14
14
14
14
14
14
9
9
9
9
9
9
9
9
9
9
9
9
9
9
9
9
9
9
9
9
9
9
9
9
9
9
9
9
9
9
9
9
9
9
9
9
9
9
9
9
9
9
9
9
9
9
9
9
9
9
9
9
9
9
9
9
9
9
9
9
9
9
9
9
9
9
9
9
9
9
9
9
9
9
2182
7181
10742
12069
10407
7859
4423
2389
781
332
9
9
9
9
9
9
9
9
9
9
9
9
9
9
5552
11793
15354
17736
21438
21082
20607
18385
18071
17373
17159
17159
17159
17159
16417
12506
7401
3813
1930
484
9
9
9
9
-447
-1566
-4566
-2390
859
6444
12429
15912
18310
19125
20015
19825
19449
19457
19861
17633
11739
6995
2942
1020
9
9
9
9
-4236
-8886
-13999
-15330
-14941
-14726
-11956
-10867
-9585
-8399
-8320
-8129
-8925
-4406
1843
4182
3151
4143
2691
44
9
9
9
9
-1914
-5559
-8833
-9588
-6106
-7095
-8655
-10912
-12367
-12632
-14986
-13944
-11584
-5342
-1229
-3841
-72
2469
2155
-333
9
9
9
9
-1003
-3698
-5990
-2996
-1029
-996
-2544
-1856
-2393
-2752
-3496
-3252
3601
6405
2200
-2325
2402
5341
2385
1189
9
9
9
9
-255
-1132
-1975
-1047
-342
-1935
-2785
-2550
-1473
-753
-921
2193
7643
7239
-24
-815
1309
5779
4879
1578
9
9
9
9
9
9
9
9
9
-55
-415
-839
-645
20
535
7031
8684
1000
-6269
-6784
1386
4937
4258
629
9
9
9
9
9
9
9
9
9
9
9
9
9
9
3304
6945
4544
-5138
-7753
-4970
2755
5448
1867
81
9
9
9
9
9
9
9
9
9
9
9
9
9
221
4162
5317
-1991
-8203
-6912
1776
4925
4449
777
9
9
9
9
9
9
9
9
9
9
9
9
9
9
3267
6979
4521
-5523
-7386
-2773
3452
5978
2282
198
9
9
9
9
9
9
9
9
9
9
9
9
9
1970
8132
8890
176
-6714
-5142
2784
5306
3696
317
9
9
9
9
9
9
9
9
9
9
9
9
9
486
6084
9722
5429
-4204
-5932
-2747
3859
5489
1440
27
9
9
9
9
9
9
9
9
9
9
9
9
62
5355
10222
8435
-1455
-5276
-6651
1300
4970
3554
261
9
9
9
9
9
9
9
9
9
9
9
9
9
956
6663
8188
906
-6050
-7962
-2835
3436
5524
1351
9
9
9
9
9
9
9
9
9
9
9
9
9
804
6571
8751
3472
-7549
-8266
-6220
1431
5434
3421
261
9
9
9
9
9
9
9
9
9
9
9
9
9
3402
8822
8342
-254
-5652
-6896
344
4465
5532
1070
9
9
9
9
9
9
9
9
9
9
9
9
9
1599
7062
8485
5468
-762
-3718
528
5332
6458
2239
162
9
9
9
9
9
9
9
9
9
9
9
9
9
2979
6537
6234
1862
-1241
-3352
5941
7297
3340
351
9
9
9
9
9
9
9
9
9
9
9
9
9
9
1719
3111
545
-8581
-9888
-2289
6383
3712
644
9
9
9
9
9
9
9
9
9
9
9
9
9
9
9
-2631
-8781
-16624
-20264
-12553
-1759
3291
3431
614
9
9
9
9
9
9
9
9
9
223
223
223
223
223
223
223
223
223
223
223
223
223
223
223
223
223
223
223
223
223
223
223
223
223
223
223
223
223
223
223
223
223
223
223
223
223
223
223
223
223
223
223
223
223
223
223
223
223
223
223
223
223
223
223
223
223
223
223
223
223
223
223
223
223
223
223
223
223
223
223
223
223
223
1084
2155
2456
2594
588
130
-745
-337
-155
121
223
223
223
223
223
223
223
223
223
223
223
223
223
223
2984
4824
8706
9432
7122
4036
1938
589
895
1298
1889
1889
1889
1889
1595
356
-365
-1023
-581
73
223
223
223
223
978
2780
7883
12777
12409
12367
12017
9128
7843
6630
7629
7503
7209
7433
7163
5295
1682
-1833
-3304
-866
223
223
223
223
-3929
-5778
-1715
6174
7300
8271
11639
11042
11228
8753
9640
9926
8831
10860
11153
12668
9263
2078
-3325
-2127
223
223
223
223
-5207
-9174
-6181
-3138
-2664
-2837
682
3041
3155
2264
1811
3492
3503
5516
7766
12911
15049
4495
-2346
-2112
223
223
223
223
-2692
-4347
-5918
-4361
-3838
-5500
-5395
-3039
-2169
-2964
-4173
-2068
1110
-24
1609
7763
13049
6647
-278
-961
223
223
223
223
-305
-673
-1162
-1776
-784
-1830
-3878
-3123
-2561
-2216
-2686
-204
2091
-290
-509
7977
9553
3666
827
715
223
223
223
223
223
223
223
223
223
95
-289
-73
-1033
-7
173
2379
1432
-1553
3500
8171
5356
412
869
1135
223
223
223
223
223
223
223
223
223
223
223
223
223
223
1928
2758
-94
-1441
6286
6153
1870
1478
1572
383
223
223
223
223
223
223
223
223
223
223
223
223
223
307
2279
-77
-2047
3447
6573
3891
1362
1442
707
223
223
223
223
223
223
223
223
223
223
223
223
223
223
1569
1220
-2540
-1432
7326
6187
355
591
2278
643
223
223
223
223
223
223
223
223
223
223
223
223
223
1000
3418
426
-2859
1952
7057
3954
746
1373
791
223
223
223
223
223
223
223
223
223
223
223
223
223
412
2940
3345
581
-1130
5463
5775
1261
792
1653
263
223
223
223
223
223
223
223
223
223
223
223
223
244
2443
3264
2421
-1099
3941
6402
3132
521
1299
783
223
223
223
223
223
223
223
223
223
223
223
223
223
612
3751
2496
631
1163
5712
5176
895
1232
1575
223
223
223
223
223
223
223
223
223
223
223
223
223
538
2724
1737
-358
-979
5749
5114
2481
1722
1424
783
223
223
223
223
223
223
223
223
223
223
223
223
223
1774
3896
1005
-2030
2906
4682
2712
1166
1845
1591
223
223
223
223
223
223
223
223
223
223
223
223
223
853
3049
2454
1103
1898
6485
4892
-510
895
1948
563
223
223
223
223
223
223
223
223
223
223
223
223
223
1813
2506
910
1888
9218
9961
2538
-1751
1209
983
223
223
223
223
223
223
223
223
223
223
223
223
223
223
1303
-245
-782
2979
10642
9436
5722
-911
275
223
223
223
223
223
223
223
223
223
223
223
223
223
223
223
-1847
-6275
-3894
2616
9271
7268
5493
1226
190
223
223
223
223
223
223
223
223
223
8
8
8
8
8
8
8
8
8
8
8
8
8
8
8
8
8
8
8
8
8
8
8
8
8
8
8
8
8
8
8
8
8
8
8
8
8
8
8
8
8
8
8
8
8
8
8
8
8
8
8
8
8
8
8
8
8
8
8
8
8
8
8
8
8
8
8
8
8
8
8
8
8
8
-976
-3963
-7033
-7529
-5181
-2546
-411
272
347
127
8
8
8
8
8
8
8
8
8
8
8
8
8
8
-1566
-5354
-10062
-9952
-9256
-8986
-8234
-7462
-7156
-7640
-7930
-7930
-7930
-7930
-7594
-5576
-2033
641
796
183
8
8
8
8
3060
3426
2121
4035
4418
1983
-2950
-4565
-5625
-6146
-7174
-7112
-6688
-6488
-7094
-7702
-4051
1221
2364
691
8
8
8
8
3916
8549
11668
12584
16283
15478
13536
11595
11601
11729
10118
10224
10893
9594
5060
-230
997
5187
5229
1549
8
8
8
8
1900
5517
5695
7474
9104
12647
13447
13498
14864
16261
16354
15984
14798
13899
9839
5294
5811
8422
5966
2255
8
8
8
8
338
-1269
402
122
1328
2672
4549
5207
5349
6057
7089
6176
4285
3354
2878
5365
8273
8435
4968
1560
8
8
8
8
8
-850
-953
-62
-857
-1066
-1077
-425
-408
-37
219
-1204
-1884
-2592
192
4894
8597
7565
3575
450
8
8
8
8
8
8
8
8
8
8
-200
-704
332
-744
-987
-2662
-2742
818
3716
7239
8057
5898
1653
128
8
8
8
8
8
8
8
8
8
8
8
8
8
8
-822
-994
-1046
2579
5701
8758
7642
3902
823
24
8
8
8
8
8
8
8
8
8
8
8
8
8
-88
-200
-61
1501
3108
8183
8673
5207
1243
132
8
8
8
8
8
8
8
8
8
8
8
8
8
8
-1376
-1156
67
1732
4760
7114
6975
3356
354
50
8
8
8
8
8
8
8
8
8
8
8
8
8
-880
-2875
-2844
-188
2662
6660
7804
4992
1144
72
8
8
8
8
8
8
8
8
8
8
8
8
8
-208
-2057
-3229
-2624
1703
5737
7560
6914
2982
250
12
8
8
8
8
8
8
8
8
8
8
8
8
-16
-2225
-3640
-3530
1849
5211
7877
8014
4684
1134
64
8
8
8
8
8
8
8
8
8
8
8
8
8
-398
-948
-2529
-711
5756
7833
8401
6425
2656
244
8
8
8
8
8
8
8
8
8
8
8
8
8
-352
-2809
-2417
-675
5227
7397
9979
6925
3962
835
64
8
8
8
8
8
8
8
8
8
8
8
8
8
-1186
-2526
-2881
881
4451
8707
7445
5538
1411
206
8
8
8
8
8
8
8
8
8
8
8
8
8
-712
-2086
-2671
-2157
-150
4329
7694
7228
2529
302
42
8
8
8
8
8
8
8
8
8
8
8
8
8
-652
-742
-1537
1757
294
4153
8429
6473
1332
84
8
8
8
8
8
8
8
8
8
8
8
8
8
8
848
1730
1574
4464
7918
10236
8146
4880
949
8
8
8
8
8
8
8
8
8
8
8
8
8
8
8
3308
9458
11656
9744
10181
10460
5728
3371
583
8
8
8
8
8
8
8
8
8
247
247
247
247
247
247
247
247
247
247
247
247
247
247
247
247
247
247
247
247
247
247
247
247
247
247
247
247
247
247
247
247
247
247
247
247
247
247
247
247
247
247
247
247
247
247
247
247
247
247
247
247
247
247
247
247
247
247
247
247
247
247
247
247
247
247
247
247
247
247
247
247
247
247
-1311
-3782
-4074
-2922
-269
-25
949
142
365
77
247
247
247
247
247
247
247
247
247
247
247
247
247
247
-4220
-5795
-4730
-2086
-3739
-5216
-4748
-4500
-3996
-4148
-3673
-3673
-3673
-3673
-3141
-717
1042
1208
7
-3
247
247
247
247
-424
2741
6326
7434
2880
-1889
-3994
-5046
-5070
-5010
-4933
-4381
-4115
-4435
-4511
-2468
110
-38
-817
-818
247
247
247
247
4876
10615
16102
16655
11971
9036
7534
7765
6498
6359
6101
7273
7597
3482
1384
1810
4670
256
-3117
-1683
247
247
247
247
5620
12902
14486
14501
9899
7277
8816
9496
11978
12321
13648
14190
11706
6938
7913
10885
6988
-1183
-5375
-2048
247
247
247
247
3877
7987
8051
7587
3001
3913
5787
4635
5232
5347
6312
6620
487
2026
9030
12169
2343
-9139
-9574
-2957
247
247
247
247
1039
2185
1996
2020
1454
1766
4542
3299
2026
1315
487
-1325
-5780
1907
14861
11806
-581
-12141
-10575
-4017
247
247
247
247
247
247
247
247
247
439
1159
943
1043
1199
-1110
-4090
-1568
13064
22801
12412
-3177
-12068
-8511
-2377
247
247
247
247
247
247
247
247
247
247
247
247
247
247
-2464
-3275
6853
22782
19843
4921
-7570
-10235
-5724
-137
247
247
247
247
247
247
247
247
247
247
247
247
247
95
-3186
1418
15876
24316
13272
-3806
-11692
-8426
-2057
247
247
247
247
247
247
247
247
247
247
247
247
247
247
-2137
-2933
7694
22560
19122
3978
-9422
-10025
-5948
-761
247
247
247
247
247
247
247
247
247
247
247
247
247
-1159
-5286
457
16074
22788
11171
-5287
-11764
-7755
-1225
247
247
247
247
247
247
247
247
247
247
247
247
247
-95
-4309
-3967
7474
22693
17204
3022
-9365
-9862
-4667
151
247
247
247
247
247
247
247
247
247
247
247
247
209
-3667
-5226
2324
18749
22198
9722
-4593
-10385
-7545
-1097
247
247
247
247
247
247
247
247
247
247
247
247
247
-444
-5165
-190
12873
24623
15817
153
-8970
-9504
-4521
247
247
247
247
247
247
247
247
247
247
247
247
247
-323
-4259
-2931
8702
24710
21614
5396
-6944
-10595
-7060
-1097
247
247
247
247
247
247
247
247
247
247
247
247
247
-2366
-5252
2883
18798
22768
12560
-3383
-10756
-8333
-3961
247
247
247
247
247
247
247
247
247
247
247
247
247
-893
-4670
-1271
9859
23071
16690
2739
-11614
-9761
-5610
-569
247
247
247
247
247
247
247
247
247
247
247
247
247
-2243
-2933
5041
17129
20754
8722
-3971
-12777
-7691
-1577
247
247
247
247
247
247
247
247
247
247
247
247
247
247
-1463
1807
12707
25204
19050
2569
-11225
-11481
-3549
247
247
247
247
247
247
247
247
247
247
247
247
247
247
247
2707
11887
22518
25930
12247
-4581
-10486
-9531
-1638
247
247
247
247
247
247
247
247
247
